541
175
3414
585
370
913
669
871
698
826
8147
909
4778
337
689
368
595
203
542
628
188
47
461
688
4323
333
768
71
142
5884
475
246
821
410
850
744
232
177
279
795
6447
986
9163
81
372
5685
940
699
913
546
585
414
948
250
529
617
374
846
508
685
620
773
173
183
75
793
4900
954
470
5
855
96
402
808
297
666
632
5137
127
9679
4199
507
6483
267
518
172
700
788
459
288
571
142
861
9936
343
2252
3817
784
1696
458
387
480
501
781
812
258
938
246
986
979
293
382
524
863
133
1837
949
300
228
9646
571
576
706
404
470
852
11
613
593
1875
1301
321
745
94
798
513
40
291
617
630
172
235
194
483
847
53
778
432
696
1916
683
281
307
679
270
727
7625
131
2067
245
364
5152
79
830
158
966
578
371
72
660
923
197
37
299
447
454
553
7
533
950
7123
700
849
720
149
579
952
427
676
3035
434
228
1896
738
766
417
966
609
407
203
401
277
400
827
314
340
345
244
6941
2198
797
540
15
921
220
798
641
244
506
478
889
362
4197
130
408
179
628
387
329
979
741
750
793
57
695
189
327
869
884
398
9941
627
872
34
490
670
255
9081
2017
559
380
826
50
317
402
618
858
4901
536
666
700
565
534
162
639
123
967
296
270
423
957
8926
321
292
1576
4767
820
804
306
595
809
488
307
9867
13
297
722
36
964
734
158
969
332
60
215
806
890
3462
848
846
868
617
380
946
705
668
534
980
929
365
672
990
679
927
569
302
471
3217
499
818
200
892
358
116
331
841
587
273
157
829
8353
191
887
603
883
14
583
144
627
255
498
427
844
239
730
771
577
400
523
22
32
100
704
448
425
203
607
186
507
67
4434
907
363
603
549
1481
808
262
739
7
962
954
809
406
216
8367
381
688
400
722
992
133
691
698
6621
4088
160
530
497
944
641
4216
414
11
144
1999
304
230
916
5945
523
622
479
2949
475
935
98
3466
239
836
195
874
1664
877
100
761
928
524
532
568
513
819
272
406
989
996
997
4027
728
8504
380
257
684
11
54
878
9018
534
754
542
757
812
884
647
419
744
308
933
6858
578
856
983
840
4607
145
464
266
914
3955
689
344
942
584
186
471
545
792
480
442
492
8546
104
872
507
949
630
494
478
871
979
532
3767
398
657
478
5459
779
6255
131
675
841
548
364
93
619
722
577
437
491
580
463
396
70
584
102
458
603
824
327
482
723
498
802
656
182
420
8684
679
834
929
9363
177
47
627
134
766
159
396
961
327
656
8
710
528
9779
324
115
513
17
105
99
981
252
3680
106
2876
5
622
649
210
421
626
9312
159
133
987
618
432
916
482
846
210
804
77
371
682
37
823
7399
718
795
767
416
796
9949
129
626
913
3893
571
685
2201
234
900
673
606
738
20
397
563
320
473
626
553
9043
18
3378
581
473
404
1488
961
8099
9196
181
321
826
30
762
251
946
714
4815
214
87
8002
318
884
113
154
839
814
557
995
643
261
620
269
630
956
993
897
2402
849
758
118
579
414
32
481
291
168
788
528
80
3272
624
849
4876
760
740
686
645
735
143
643
64
308
534
874
5290
51
31
920
826
550
338
717
507
867
54
414
403
264
7724
877
891
294
145
592
981
902
927
324
227
910
8818
342
964
900
979
517
763
465
328
431
388
804
437
326
714
993
124
747
62
338
876
819
861
711
806
838
883
903
823
220
67
0
435
509
903
557
204
617
940
237
635
322
910
776
6381
309
621
762
1472
555
605
54
397
96
12
661
260
340
825
643
511
475
181
359
299
615
966
231
837
24
7614
1854
476
64
351
342
990
869
780
309
530
233
299
385
554
585
84
880
5875
696
315
483
60
121
785
973
5020
581
9617
377
172
435
832
921
456
837
568
759
891
739
471
3170
582
69
308
475
418
358
91
855
933
103
863
446
130
155
123
348
6810
334
422
475
883
9941
695
695
415
827
616
534
316
972
490
240
212
593
1274
569
642
81
572
714
3041
647
657
796
528
648
943
286
989
7295
290
875
584
112
871
68
672
342
792
379
877
931
447
4874
171
666
743
257
298
3340
331
646
62
736
283
938
979
7154
705
263
520
497
293
557
701
203
1691
463
517
435
353
8207
689
135
362
848
998
569
3669
9828
222
501
127
617
456
916
313
752
540
872
167
295
344
6660
796
221
126
830
968
161
283
621
664
707
200
52
576
435
409
767
688
806
730
193
359
350
579
726
107
8717
692
386
301
687
900
624
120
174
645
73
205
609
25
652
677
34
868
378
655
112
480
203
505
426
622
273
121
710
970
266
524
669
2927
359
630
178
191
91
843
694
167
746
215
895
164
681
481
382
465
100
936
430
110
339
279
488
978
5588
12
935
739
172
631
442
6198
297
321
667
540
745
296
784
600
911
414
253
49
662
522
723
630
8175
601
778
113
231
98
886
584
8381
795
281
3111
368
23
5128
178
901
348
778
320
960
561
483
492
272
691
948
703
959
700
924
748
447
301
379
79
50
677
327
110
152
658
590
915
258
64
5451
109
867
850
125
484
375
737
3870
626
443
561
194
742
629
319
639
702
652
472
422
223
258
374
933
507
920
211
359
723
754
7529
753
9241
506
797
396
308
192
1297
893
530
469
370
345
868
995
332
85
312
474
111
938
524
393
307
677
5544
2883
923
507
627
909
551
6158
605
26
856
436
917
281
436
353
353
367
575
3177
952
493
5765
430
833
542
843
499
777
923
386
472
631
658
287
64
874
818
8856
540
134
708
325
455
587
609
889
602
413
7177
173
740
349
96
646
747
203
356
16
254
170
376
0
184
674
164
172
435
364
150
844
44
483
891
212
789
787
482
860
71
506
22
138
917
108
300
897
64
637
752
927
659
404
547
4837
878
481
83
340
456
373
397
490
651
894
366
929
349
140
846
781
678
6073
691
46
495
410
695
889
38
172
150
549
925
598
13
871
670
180
695
775
628
914
717
545
7252
742
350
207
509
408
759
436
991
2119
969
879
123
782
591
931
5511
293
472
813
951
682
256
259
86
652
573
258
51
130
421
538
596
670
855
475
527
264
8162
542
141
166
6946
656
8760
694
312
0
12
236
398
364
817
722
279
318
449
385
326
846
840
289
617
861
967
854
1122
198
0
924
683
822
112
972
417
375
4054
676
726
58
2657
841
918
139
361
409
385
962
771
483
232
233
47
7891
213
70
260
597
613
309
4783
48
351
146
832
964
279
301
701
438
814
401
731
120
3935
439
238
785
869
230
730
71
349
509
853
327
311
698
584
75
9184
767
563
852
232
994
95
291
144
557
5620
309
27
596
313
538
218
943
312
8065
269
170
339
840
984
202
526
264
399
933
517
5764
915
24
222
2110
278
404
140
685
612
598
334
178
522
733
792
724
342
519
2177
100
223
987
390
10
852
373
51
639
878
621
618
997
499
617
908
724
866
173
545
848
471
950
314
686
598
64
56
883
664
760
803
422
574
1499
992
262
676
307
515
227
789
270
82
486
362
155
5944
761
562
668
326
208
373
3746
692
798
927
648
634
629
827
829
696
25
202
672
197
430
281
518
540
617
317
256
956
296
798
811
944
657
920
591
899
142
819
976
657
642
696
263
419
726
509
603
822
8292
752
551
736
477
417
720
867
983
524
590
469
347
262
182
98
591
157
607
468
824
376
913
375
529
112
386
169
180
983
135
386
464
345
150
240
4493
599
798
3
9548
186
35
245
7776
768
60
455
40
775
671
465
87
542
555
384
421
813
629
221
666
248
416
468
707
950
365
47
383
585
534
2968
80
776
248
286
333
545
544
938
8087
606
4963
916
711
400
941
2703
62
7424
271
46
850
478
580
634
936
667
813
5870
907
247
301
234
954
1676
703
135
562
463
2416
4545
325
6341
330
496
365
49
272
144
297
7481
666
788
8839
645
878
3958
925
670
26
227
903
137
472
184
425
850
854
344
2368
8407
569
645
483
128
33
8943
389
757
516
585
559
5908
7974
378
153
39
386
784
348
3
241
442
459
439
622
51
883
581
299
431
24
7999
218
224
990
445
5393
335
941
219
466
652
12
995
408
373
106
65
4949
898
409
703
353
911
474
238
531
952
304
908
787
628
286
217
243
630
3
738
21
513
440
920
975
4927
16
523
874
935
183
16
772
768
620
4107
615
858
382
140
472
201
651
969
239
674
503
836
218
374
895
166
3
289
253
596
225
323
159
559
987
698
810
937
678
289
559
670
854
910
562
337
976
9833
764
7240
747
300
976
928
767
968
958
1021
286
358
622
216
241
779
964
866
853
962
3438
944
257
442
31
473
128
288
924
688
1049
723
1
112
9722
709
196
791
11
24
844
982
553
381
172
353
970
464
562
841
987
121
9437
484
453
3
822
939
860
406
467
534
7192
472
986
256
506
723
906
829
967
11
75
652
117
828
834
950
271
3962
932
4353
620
261
331
3402
347
101
823
148
710
313
953
576
119
564
209
101
170
4420
32
166
329
989
109
947
9094
909
831
851
504
5799
92
925
155
158
694
481
496
273
973
356
428
934
37
487
649
864
557
713
435
536
575
638
791
669
8132
663
196
491
140
438
245
257
884
255
756
602
467
980
327
897
9516
971
646
402
136
633
625
260
558
196
576
499
810
327
25
9292
7375
5305
7945
5900
403
572
326
184
46
461
870
6010
344
477
287
324
125
423
667
282
80
767
772
644
592
634
995
276
373
396
725
114
214
213
922
694
937
18
699
152
344
850
574
7382
58
752
589
608
199
646
3279
397
793
840
41
245
8121
957
806
87
584
172
689
789
8919
133
103
4576
7504
93
165
3342
214
6549
654
743
881
334
938
629
787
145
948
494
284
876
83
163
745
363
127
952
732
6097
347
60
979
886
950
48
532
645
893
728
959
272
694
463
597
146
7210
206
6206
3438
285
580
137
551
340
274
592
280
195
196
898
755
709
9581
396
1257
571
418
673
962
1
50
631
390
535
785
322
572
19
993
747
914
758
265
60
302
224
335
724
910
638
356
3761
505
919
410
592
82
418
588
218
571
159
423
620
888
262
916
245
476
239
882
308
212
537
437
766
332
11
659
53
2480
918
658
815
5737
345
649
66
628
6
374
38
410
84
237
975
585
137
983
266
394
221
205
287
5293
235
333
8651
520
565
842
989
7
257
674
159
670
567
172
6178
532
915
585
189
541
892
903
546
7783
510
607
823
7619
8
620
902
42
7
776
537
993
339
12
9652
128
268
5904
305
201
23
187
382
577
564
617
581
802
154
143
988
687
27
585
26
292
929
6893
995
1404
604
578
782
4980
386
878
755
810
7243
387
607
47
957
432
858
161
578
367
401
353
447
184
756
108
393
458
944
522
899
704
883
491
868
990
861
675
831
684
5126
7071
153
873
22
5215
546
405
908
200
917
993
179
261
778
822
370
793
985
402
548
607
497
490
300
151
848
805
844
991
78
134
3404
477
991
825
464
381
34
154
288
321
96
855
4914
95
614
9595
365
533
370
130
656
659
384
678
154
186
1
3260
82
672
327
51
536
655
699
415
82
587
999
740
384
7934
320
25
55
463
783
627
644
351
983
264
797
3291
988
15
355
320
819
640
131
513
305
943
737
734
8078
475
409
874
981
3
595
799
8554
370
767
351
685
892
261
531
910
65
349
794
757
149
986
22
733
133
873
353
325
153
499
597
987
8300
673
741
703
975
976
527
30
18
938
656
373
249
945
682
454
305
977
815
250
187
432
816
318
3876
334
564
725
979
791
958
184
599
647
537
269
1370
71
818
603
50
330
3116
452
844
736
5179
241
110
495
958
647
693
378
1010
838
813
147
7549
0
463
974
667
235
574
1050
920
268
714
365
80
359
149
44
75
328
178
992
240
654
148
170
9270
184
181
253
516
892
156
5
58
885
967
542
912
431
868
1399
990
909
980
183
431
56
367
440
394
874
738
23
900
956
4608
522
339
824
2084
735
830
766
132
274
177
87
763
259
4086
699
986
87
735
8260
643
662
792
71
652
675
147
9007
303
675
226
585
456
463
562
338
3976
653
562
447
581
115
638
625
479
343
341
273
350
841
37
2278
8365
331
339
11
148
440
137
2528
388
55
361
393
436
974
449
805
162
197
57
978
736
138
348
877
733
759
69
369
553
506
392
905
116
730
702
350
63
501
834
53
515
315
9720
631
101
436
558
567
522
4822
446
135
596
471
22
571
812
108
960
73
328
114
318
426
646
416
934
2796
170
40
331
102
51
795
662
221
833
133
366
842
194
839
479
963
450
20
799
914
32
237
926
749
9863
642
151
339
646
152
218
4
134
175
572
925
644
646
847
667
8321
208
962
341
850
987
2419
152
2
4585
371
675
2247
750
23
8023
3766
698
944
277
920
781
468
123
626
312
484
870
56
790
353
406
9053
105
557
954
41
452
300
102
7091
138
853
465
417
317
507
376
377
893
430
407
58
421
315
507
130
506
688
858
992
6921
487
693
6749
830
651
870
502
145
605
946
781
488
637
521
523
803
188
994
261
942
4225
780
430
450
4144
8400
643
721
754
550
720
195
837
834
577
429
749
919
813
608
497
230
751
3116
758
653
673
985
222
190
758
3
498
735
911
212
372
650
63
0
605
628
43
303
809
957
726
6983
245
205
186
649
778
421
545
415
988
5331
31
341
947
578
972
826
507
5330
335
210
602
425
4277
605
658
172
798
1771
138
5919
921
73
2888
680
831
965
191
1616
763
902
839
865
797
162
117
632
7
255
9314
998
289
960
889
2424
380
621
215
819
419
755
315
477
323
697
495
540
108
547
594
729
373
602
896
669
2288
780
860
395
564
768
93
858
96
517
477
810
738
64
548
32
340
120
647
126
551
382
114
584
906
836
328
445
432
429
895
40
909
757
733
959
635
740
142
453
75
611
881
388
939
3713
920
624
982
856
195
390
576
116
252
2408
968
584
2846
248
8626
44
330
221
841
7337
416
580
17
494
398
383
200
742
651
353
14
223
107
567
585
464
726
604
981
396
17
367
326
651
378
536
369
359
79
451
965
18
500
411
283
277
19
945
5934
883
187
753
947
929
954
395
147
852
543
977
7645
61
427
562
182
245
954
913
560
539
578
261
166
261
905
657
841
8536
536
246
86
412
895
827
192
558
446
140
696
628
435
671
241
178
764
665
3381
150
54
928
257
808
3908
820
853
2469
443
597
613
766
423
26
603
648
130
71
2544
609
73
670
779
5766
579
902
1736
3906
663
954
35
547
198
5728
383
788
779
241
836
744
944
111
334
949
749
663
634
187
474
188
442
490
0
321
157
816
530
522
221
309
544
971
626
225
386
51
224
914
3609
541
756
392
938
449
719
308
1631
493
917
415
413
938
750
679
284
658
815
801
426
439
571
489
155
871
36
175
719
5271
248
45
583
671
49
887
963
129
165
918
385
974
402
593
935
61
177
12
3024
600
948
51
559
980
47
41
65
20
737
569
1866
9596
909
927
737
277
917
525
212
958
357
871
460
986
624
619
403
980
2049
524
664
807
71
462
7264
244
206
174
671
1755
597
922
106
580
443
220
18
171
568
747
168
476
410
774
439
686
355
493
434
692
811
329
20
517
817
195
62
67
884
397
901
530
352
417
302
834
846
743
554
2375
6815
868
628
735
926
913
3511
23
554
6079
912
189
896
909
1759
758
180
586
484
78
875
472
841
8067
58
642
307
786
165
1473
254
2551
441
968
886
230
913
535
2214
989
320
713
919
1177
414
313
905
346
451
991
922
24
260
361
183
5468
996
758
857
185
53
120
392
442
203
7833
969
686
247
301
2581
269
135
199
736
621
942
886
775
465
194
637
916
567
159
917
728
7328
1122
601
341
171
8938
331
687
325
123
4635
538
82
741
986
648
565
241
334
834
41
141
859
394
104
633
192
455
508
276
119
252
68
100
594
33
422
346
218
757
461
603
76
757
214
965
951
532
755
717
5830
6268
827
3179
87
468
906
491
364
297
219
952
765
60
2392
599
747
600
24
270
242
484
22
667
454
985
646
426
898
7392
235
938
465
182
447
906
615
10
7438
797
705
665
337
777
874
353
133
452
249
393
189
517
297
991
369
60
343
326
982
874
188
9639
755
615
844
85
397
997
713
216
801
378
90
345
661
987
223
398
519
900
558
270
893
795
383
185
390
487
798
1866
998
573
661
14
0
345
759
991
649
471
10
842
572
490
656
538
425
60
395
847
420
684
250
667
623
182
687
6335
966
42
100
936
98
96
686
370
416
709
787
88
152
167
495
249
478
571
553
262
9409
512
976
909
121
447
881
142
5
23
555
725
494
433
403
415
949
54
516
460
68
598
812
707
405
764
76
22
548
802
219
132
627
578
614
651
6112
798
973
343
882
728
872
157
707
389
639
56
2798
866
331
298
978
677
541
65
266
929
4761
422
438
238
855
588
797
868
527
210
212
228
727
508
331
977
793
108
469
6993
60
606
763
7
223
40
995
817
811
7662
742
984
903
449
307
661
3
352
989
337
9483
9826
471
544
57
400
713
6513
80
4482
969
175
898
484
590
129
846
273
580
408
593
921
657
647
429
766
4485
965
148
133
493
545
273
849
568
1
882
719
665
546
553
474
588
194
387
85
891
388
793
560
649
299
956
42
306
742
814
799
845
763
250
856
190
7983
18
847
376
786
513
9648
481
895
34
746
581
154
759
197
761
255
695
320
396
172
957
7763
527
7912
781
672
729
7973
704
4219
95
615
518
587
8286
615
330
816
690
405
876
995
861
913
267
894
6904
504
104
367
47
120
682
110
620
751
921
6022
389
281
881
447
17
738
0
299
723
147
690
663
5614
761
513
463
982
487
718
741
20
871
736
266
248
322
616
835
506
971
568
301
659
685
94
339
1478
273
681
252
848
907
666
920
6839
701
301
312
580
632
545
7875
568
799
925
410
127
643
4619
708
853
3104
518
1615
3928
6681
2804
8764
140
758
253
762
236
862
890
626
556
826
362
873
715
864
845
479
281
21
80
845
487
152
198
86
867
5975
630
248
2674
817
684
233
341
640
161
732
357
3409
891
532
17
890
653
272
82
6319
413
774
180
564
103
571
96
114
16
461
438
5016
786
805
527
320
201
677
7
908
204
946
780
362
8306
841
167
3294
255
66
97
256
551
465
947
7225
972
483
648
34
5751
977
913
167
492
415
870
627
738
539
227
362
196
226
166
905
8486
112
547
59
582
779
683
4
4364
315
119
484
740
799
397
785
281
951
181
780
857
6636
39
847
105
5
924
950
735
718
711
957
848
483
96
930
542
3114
211
2923
182
715
539
244
555
519
56
796
432
783
124
526
621
951
292
161
570
156
322
979
791
316
6169
1483
805
766
426
501
346
9102
252
32
139
235
265
283
1289
170
7066
115
507
316
385
558
913
834
805
278
4809
910
29
826
519
8806
863
6
545
448
696
532
136
7877
117
807
125
459
146
201
986
121
820
394
952
966
709
818
41
436
382
127
748
2495
779
438
444
64
681
26
255
696
496
5574
545
601
158
123
708
378
362
947
5
939
851
577
712
30
277
335
22
525
176
467
831
355
3028
802
413
419
617
7018
369
470
393
747
12
846
458
857
383
817
698
625
9284
355
491
8
201
985
204
309
441
2734
2926
455
576
973
154
85
663
3072
776
24
465
923
67
409
903
288
146
569
907
275
261
579
197
502
614
834
279
960
799
310
8035
835
762
774
808
701
901
675
9336
685
902
361
988
516
742
239
534
205
372
295
954
635
246
175
151
225
810
848
350
9964
7293
389
776
559
916
590
338
78
536
581
275
831
3327
933
465
3223
4695
62
234
8
181
727
827
629
157
262
512
205
793
988
978
720
7734
20
280
630
768
466
493
821
692
682
82
296
323
725
795
158
3500
407
2626
441
647
225
302
867
786
720
915
329
554
208
877
392
296
814
988
2343
129
406
103
136
947
259
157
486
930
62
99
194
434
464
226
821
863
574
580
645
197
537
647
648
402
1623
510
133
15
24
582
463
291
422
710
601
566
324
594
525
390
573
542
9554
120
56
357
800
625
9618
392
881
649
402
150
241
6610
688
125
244
424
942
398
504
795
745
4680
4367
718
883
532
431
800
7682
52
635
273
6823
790
678
8148
612
564
184
287
406
614
5125
759
8815
829
688
181
420
15
130
2
160
837
353
79
681
131
985
545
452
210
771
217
356
766
973
281
559
2321
496
383
190
128
6112
9779
845
984
783
17
560
170
953
744
238
891
384
282
6613
7523
551
112
63
2511
115
962
104
196
426
7734
37
764
262
459
143
52
9038
1897
108
527
621
383
68
480
329
741
26
64
599
517
248
134
347
856
639
792
965
541
190
621
511
1672
132
3147
432
663
499
701
570
225
265
421
970
320
871
4851
164
633
582
9049
349
411
383
685
142
35
704
411
645
7056
52
4294
79
5712
526
353
864
575
577
9547
172
296
637
61
65
14
968
226
839
598
125
125
120
5499
68
411
674
809
411
336
2014
234
8246
3508
248
9419
661
388
640
95
25
302
481
676
497
681
765
459
413
896
660
186
420
4858
394
399
918
369
682
34
530
405
489
575
569
326
9
180
772
2265
602
944
196
333
331
637
9544
2275
701
507
533
2521
379
1499
874
235
406
999
16
705
177
921
127
85
309
2603
726
746
212
329
695
261
307
554
174
202
209
480
885
7361
771
323
224
990
876
151
4272
973
2636
986
240
459
600
36
400
439
703
687
438
594
900
358
624
4725
954
590
742
239
226
279
779
178
794
158
193
988
427
476
230
502
423
563
823
2
185
298
588
896
7058
245
2234
716
171
129
119
436
250
6878
968
169
577
33
923
638
716
4769
523
5
2479
589
53
574
257
1640
911
5661
421
681
885
883
112
114
774
525
46
314
28
5703
767
478
764
737
867
3333
586
8118
594
159
942
259
880
794
650
530
44
986
641
311
960
241
767
474
204
824
720
780
613
847
146
57
638
983
6
10
257
226
586
417
475
5
516
998
576
94
6896
602
145
388
14
920
361
945
957
833
2453
398
1078
833
3640
253
912
77
513
977
671
732
731
192
105
256
236
51
756
5838
677
8369
193
349
1566
849
895
559
196
373
653
179
356
594
946
428
736
641
679
789
574
229
624
608
881
959
480
289
801
926
19
6999
251
270
167
895
821
944
4842
483
9138
376
806
679
8817
567
238
334
206
904
937
325
847
718
129
643
988
256
366
877
641
530
565
88
341
277
4938
802
39
455
587
980
574
219
233
56
7082
909
987
860
66
375
791
372
227
552
4753
83
519
898
385
3203
250
846
344
398
766
9218
450
777
154
784
853
996
390
941
674
979
583
276
267
971
498
901
942
128
119
699
82
863
502
681
918
880
453
664
416
815
667
540
875
924
842
893
3942
405
880
527
768
521
160
142
231
878
361
745
7
878
985
581
534
739
785
811
466
243
163
9706
88
147
264
545
433
754
666
8490
374
914
781
275
542
1204
323
308
360
148
318
163
124
278
909
545
224
999
941
278
707
423
103
493
905
196
132
8035
10
961
841
529
5438
5186
550
495
3868
603
81
141
1061
938
496
12
845
181
924
580
475
760
145
4
779
946
6
722
314
3530
287
251
442
895
449
568
631
614
480
527
625
200
731
93
274
65
797
822
632
172
9812
73
309
5062
417
43
746
0
502
564
989
480
602
775
460
492
964
962
216
63
686
746
839
9177
183
217
125
684
848
123
516
673
270
62
57
160
326
334
155
426
237
329
855
285
498
371
146
281
614
729
4809
131
8900
62
1257
60
549
193
180
316
167
256
718
88
945
213
197
228
1017
17
441
645
736
772
539
333
518
768
119
869
45
715
669
86
6
97
349
404
205
133
20
113
613
275
873
2897
7788
27
842
989
861
878
422
111
326
950
277
866
401
61
5783
869
7281
9861
946
704
489
622
361
350
470
150
568
90
533
151
451
637
460
229
79
681
223
4321
64
37
645
84
295
105
4243
6316
7254
9561
577
821
768
119
112
0
572
8043
726
8831
892
325
429
928
816
8825
170
82
833
2537
435
4798
414
911
132
439
456
672
512
274
548
257
779
365
90
879
4077
268
221
140
5893
464
63
590
575
620
6503
210
707
593
452
83
61
750
416
7192
535
142
780
522
488
793
154
818
127
753
784
306
7263
451
214
729
856
60
444
1754
354
419
667
653
815
655
3425
582
472
43
132
2040
868
52
838
2453
97
340
8231
581
975
272
823
731
797
3248
718
363
343
2997
180
94
624
195
968
3083
2266
302
164
898
735
785
232
53
38
689
9770
925
943
792
789
196
760
548
751
100
671
442
233
220
344
223
172
809
172
451
722
967
981
542
276
3458
772
772
13
815
388
132
206
569
990
263
114
9545
954
5808
633
3646
927
461
8186
952
3688
870
438
577
901
871
432
437
76
7762
8871
715
428
598
442
816
360
69
884
847
907
4746
117
954
989
948
6348
607
571
832
740
588
502
4244
750
3340
460
829
97
76
493
10
413
721
919
666
228
558
6479
712
407
964
522
244
715
114
515
847
822
915
7074
469
4249
509
751
226
289
41
588
740
168
6201
319
540
831
8680
208
549
73
328
354
967
501
5203
82
603
556
348
335
155
845
269
287
175
3785
342
554
157
127
438
167
796
64
651
949
283
3688
217
115
874
776
544
470
6924
273
949
743
798
928
125
490
527
437
373
391
280
958
831
486
373
601
157
5382
743
854
859
918
202
729
891
545
188
905
438
420
470
229
2643
141
347
500
887
847
839
317
220
139
690
854
954
978
492
700
834
784
573
884
1000
624
707
884
987
305
161
158
8539
942
355
994
522
8444
685
697
937
9495
500
743
813
914
854
754
253
342
32
4
861
733
262
466
704
358
549
879
978
520
949
577
79
781
725
603
527
601
162
645
72
133
147
98
958
676
7499
587
27
862
729
247
178
397
834
7094
459
557
4498
982
620
84
3292
904
871
150
934
724
379
311
133
452
302
934
786
965
23
560
2320
670
1911
770
577
867
5029
2880
5817
955
2899
960
620
711
839
253
953
819
577
10
740
647
9680
484
3370
65
275
772
278
6882
826
206
743
168
35
471
448
453
55
9235
446
229
280
963
40
396
805
912
806
276
843
323
932
5556
634
4
671
8512
427
4266
884
712
228
171
968
641
839
223
4332
731
966
785
261
504
970
206
351
200
437
2629
327
7537
756
393
673
628
573
920
130
6823
50
113
7304
879
50
595
4534
23
1113
74
629
791
497
850
868
9063
755
756
956
610
107
753
855
156
1583
394
4892
18
5151
176
717
683
741
970
329
720
86
225
969
690
564
10
905
676
190
429
6067
117
501
754
9389
16
135
119
989
858
910
862
551
318
360
697
4814
734
3770
969
925
944
964
3789
603
781
292
613
197
865
5591
976
783
752
655
64
964
4333
15
759
339
564
622
525
4412
184
398
802
5063
165
586
898
701
938
575
384
664
8216
475
553
555
4182
688
579
817
157
112
841
25
255
846
713
386
355
948
2853
913
403
806
2967
508
0
459
314
887
275
24
867
1177
23
692
876
200
885
875
957
740
194
825
539
887
900
413
607
716
78
899
3
219
644
882
156
5
572
777
322
9049
583
337
451
942
667
511
210
166
83
965
5713
599
586
350
751
976
8945
894
227
763
991
106
212
899
624
503
623
651
836
346
459
649
217
114
663
863
429
49
564
582
199
830
302
946
981
564
582
8644
748
203
885
19
922
475
437
361
794
654
650
567
3770
790
859
2365
998
827
242
102
735
339
7400
788
365
791
179
115
385
5878
296
701
3373
8
155
811
261
667
716
795
4520
188
622
450
875
112
558
559
830
213
173
7366
936
3
7728
4930
55
137
7205
415
9153
481
963
600
511
484
167
548
972
369
54
229
870
570
150
45
510
511
402
601
64
178
797
260
831
371
641
582
41
6448
828
686
263
288
953
281
940
338
732
469
481
453
551
441
425
36
237
377
121
771
193
201
578
139
380
165
302
511
259
451
87
872
353
213
820
826
980
384
243
5387
257
261
791
763
800
52
611
891
375
536
519
7002
83
744
164
657
973
590
639
684
433
34
547
852
4954
273
672
531
93
218
718
587
698
58
65
428
5247
82
6562
5970
421
836
957
207
836
645
574
394
414
721
7048
859
407
499
161
76
432
578
522
225
71
308
333
299
19
999
265
298
861
169
102
819
268
281
554
32
124
830
3763
573
331
37
9957
783
291
735
420
377
642
125
786
190
5666
793
667
9
899
787
726
731
518
323
982
903
696
614
727
245
6894
649
398
9219
273
118
279
536
643
542
924
312
1953
597
190
327
168
389
3100
930
675
833
263
918
487
514
737
469
96
864
255
701
804
8867
8174
943
148
616
308
872
831
349
19
4913
662
469
86
8941
530
976
814
2464
212
892
60
599
611
870
63
106
521
112
0
5655
143
245
135
870
540
830
325
739
354
551
68
50
926
109
933
53
9787
277
466
933
2910
644
175
918
115
7642
525
231
824
6700
558
724
743
375
901
156
433
87
56
232
159
223
51
398
0
986
769
457
3935
628
375
179
713
827
931
667
1
327
83
466
92
1802
364
411
424
585
349
919
242
821
355
845
96
741
492
957
103
764
653
413
113
233
878
6697
878
352
539
62
1650
664
599
742
393
360
773
393
256
579
397
796
8699
3207
0
690
959
632
933
656
350
413
838
66
753
600
656
778
964
115
743
471
966
1021
679
59
530
36
757
786
129
31
629
706
3244
539
460
493
875
304
297
361
661
3545
540
192
5857
524
129
690
360
316
363
712
6841
115
699
501
198
533
102
8
282
504
729
722
942
9746
709
351
109
124
877
945
625
8819
196
828
731
372
601
423
579
152
687
949
953
414
639
4977
1705
35
932
998
964
875
447
680
240
156
467
774
513
687
808
403
526
23
746
104
855
690
275
914
442
2514
17
529
140
359
7597
507
276
640
503
589
760
177
294
785
62
828
391
869
853
586
66
460
79
713
913
589
959
465
702
390
863
656
284
31
915
891
377
101
477
162
175
928
740
290
457
915
561
183
295
411
530
550
9204
9700
14
133
408
709
510
253
17
216
316
720
76
416
196
270
208
856
758
414
860
254
8135
574
438
281
167
50
798
825
618
21
269
60
530
239
563
946
118
8140
861
860
7528
539
756
3690
637
527
334
481
493
336
385
9
526
313
389
810
517
714
32
911
981
631
559
7294
746
159
395
276
519
5554
499
286
195
344
978
183
834
413
852
368
421
445
670
292
390
177
138
510
133
360
771
624
370
33
525
327
93
590
786
403
993
949
744
718
521
721
9794
973
795
433
170
107
214
838
19
317
6826
811
3317
370
1000
974
616
656
156
9275
977
850
370
534
445
36
566
696
20
971
988
4479
2
498
1981
909
235
713
376
909
1110
661
531
215
377
413
298
608
922
3372
116
14
576
714
677
9367
554
790
931
630
726
514
43
2596
593
384
2553
891
70
9417
563
415
808
183
670
130
354
347
7104
708
297
5653
107
147
928
44
3204
441
621
914
2275
8336
660
657
819
333
751
991
541
72
958
390
55
912
826
21
102
76
141
404
3015
493
182
285
509
644
175
610
461
530
351
520
762
991
7148
557
3873
148
571
5281
63
308
288
387
109
390
818
163
575
229
353
5
844
67
558
266
327
794
2685
233
708
66
592
309
208
216
307
355
98
657
495
367
206
393
360
37
660
399
683
399
880
80
880
64
636
5913
981
977
865
728
9670
541
331
649
973
728
233
404
533
814
922
587
2016
874
366
573
750
321
599
660
154
659
966
244
687
457
446
390
632
563
927
778
567
773
505
6457
188
499
987
5606
605
828
770
723
627
133
394
7832
77
836
161
190
613
262
144
694
348
721
284
53
246
105
674
743
759
480
307
632
236
205
270
472
742
711
953
92
398
856
736
122
85
222
534
980
266
201
830
440
9811
759
951
1512
539
35
8650
910
52
180
7826
483
254
993
779
34
563
983
765
699
610
18
380
385
592
709
807
140
166
938
316
953
2419
142
301
522
108
579
220
971
995
662
675
944
396
340
508
598
158
639
929
561
598
567
423
155
210
459
432
587
545
547
870
142
197
458
247
3906
102
628
399
399
473
462
93
4518
771
175
6256
851
598
573
787
6355
276
129
421
483
187
644
483
192
943
371
193
260
428
277
435
833
21
780
801
249
914
269
778
162
469
259
112
589
279
644
15
57
356
854
516
697
937
389
300
470
923
707
59
1000
8955
781
796
185
644
843
956
334
468
2460
837
137
136
588
163
525
7002
307
800
944
824
785
798
319
377
763
365
155
927
138
876
481
986
803
688
542
714
661
122
407
923
689
313
779
149
255
775
854
412
193
979
416
459
873
404
2425
568
859
659
924
637
6464
900
936
654
526
586
321
510
709
673
579
402
695
205
712
4688
300
256
78
141
308
242
892
413
9818
942
130
770
3858
156
6288
866
4898
680
6624
650
255
295
411
355
93
568
370
516
806
898
446
391
359
278
957
410
960
403
3701
49
495
41
261
556
52
5205
9
399
322
63
279
442
66
878
313
2810
734
482
564
293
958
726
854
6330
222
292
507
707
801
379
279
254
21
842
955
809
464
108
865
409
148
654
703
855
876
416
193
426
741
306
488
229
575
845
296
317
782
415
181
69
639
148
591
454
612
641
9313
720
711
955
7
484
501
477
446
654
776
663
567
3161
1145
1629
654
178
519
81
767
80
872
453
593
864
886
623
214
901
356
802
907
466
976
172
6808
423
948
494
283
396
106
7533
480
655
331
228
47
76
3637
931
53
378
902
631
890
91
23
514
3
562
862
374
3186
47
963
613
1075
5646
254
226
336
553
886
693
683
9443
23
687
859
598
810
628
448
924
9688
96
815
759
363
699
439
244
523
361
340
605
188
911
972
215
585
845
108
819
81
891
266
154
3096
299
579
879
336
60
480
533
518
492
423
203
17
53
831
7808
514
21
207
308
177
734
682
815
156
330
699
723
206
662
385
658
548
230
704
540
302
121
204
772
421
346
350
755
778
357
858
959
188
8279
573
809
961
710
826
349
688
685
867
631
875
934
58
575
356
42
29
102
208
219
470
25
6
371
586
315
9400
761
974
56
783
284
915
430
576
923
761
818
627
632
31
839
160
592
528
5
949
380
588
578
572
264
661
5461
468
166
31
727
831
627
724
304
8
7507
445
927
64
496
63
85
768
279
305
529
719
741
673
43
514
991
6
930
833
524
512
344
759
5555
448
994
566
669
528
456
790
143
511
772
702
237
322
422
478
711
6002
215
385
386
636
861
303
339
592
229
722
216
1000
175
101
51
693
56
251
49
213
769
129
44
935
582
7114
593
494
346
463
301
610
189
300
465
564
382
8561
177
888
567
225
239
859
62
620
426
93
45
317
875
41
262
719
472
40
519
43
875
649
673
306
66
798
326
386
436
767
813
202
426
566
547
706
175
47
7363
784
800
781
977
458
3866
798
756
383
647
4861
471
419
60
168
676
3422
514
530
740
68
621
157
29
419
66
680
336
598
889
249
1650
618
822
561
184
495
251
362
761
671
239
786
739
944
946
534
1704
384
834
633
57
655
949
300
74
637
715
515
606
871
995
893
885
249
179
2650
703
445
9984
490
205
926
543
655
498
865
312
53
957
989
155
136
709
246
755
156
624
478
558
2916
8791
153
831
302
463
353
366
874
87
688
825
21
81
904
259
763
1000
655
407
632
743
809
455
360
907
880
827
551
995
59
863
657
472
482
488
6
430
668
107
921
946
4799
663
815
659
496
355
842
566
822
70
884
297
647
425
934
526
162
839
65
421
156
915
511
550
7046
1444
914
702
298
523
706
611
81
829
518
233
8
36
257
94
376
133
709
706
111
612
670
793
851
119
328
6527
1718
883
690
718
4408
7996
763
125
54
31
92
526
142
671
723
54
288
885
799
4201
844
929
598
277
9880
487
7080
70
465
704
897
571
809
616
793
736
69
16
486
425
969
176
555
796
526
428
921
731
339
276
70
322
671
540
46
11
119
521
301
819
281
733
562
554
132
649
404
904
946
245
870
876
632
625
239
658
312
470
420
235
999
873
6834
406
113
846
9143
1262
1333
327
39
515
901
633
451
759
36
303
345
492
947
545
495
726
994
188
977
71
270
592
7538
894
960
877
8270
585
356
926
575
208
645
115
597
1461
81
955
711
489
230
4307
190
803
123
2706
7
414
300
8441
268
931
182
678
133
23
8377
625
568
941
793
76
8988
669
9251
798
756
631
180
1642
375
219
576
360
731
9447
203
67
774
151
633
524
4615
964
818
8193
720
840
153
455
433
296
271
8375
90
507
535
953
150
725
682
651
311
840
996
867
139
215
220
863
527
436
812
615
277
4099
485
541
225
276
117
613
565
36
95
807
73
35
505
617
471
581
6905
383
185
630
209
82
69
642
452
159
284
624
117
291
915
371
418
4990
3867
1151
619
36
542
939
26
833
622
986
597
250
6452
966
266
609
818
818
684
155
7009
109
608
264
684
4994
290
941
58
4486
287
263
932
405
564
4758
14
720
903
406
298
19
8364
869
959
916
497
455
216
792
656
4526
954
6771
849
418
934
553
4146
565
294
2719
36
819
9713
958
7559
401
150
2895
708
106
554
9577
550
576
228
1924
662
185
167
7609
1983
3707
124
644
607
831
965
746
397
507
846
4
461
80
3810
758
644
55
742
921
503
848
747
915
298
384
506
619
362
801
528
2506
471
932
350
355
1194
61
424
6862
317
771
828
473
645
105
525
203
596
146
6701
119
339
545
533
228
912
3629
490
630
7385
787
955
8806
803
354
905
513
614
996
484
372
204
43
74
104
9
562
787
664
601
924
691
682
544
297
88
951
590
830
789
8278
424
994
736
465
354
234
464
592
330
222
1470
248
807
151
7592
915
172
507
258
264
991
10
286
674
22
63
351
608
82
755
505
647
336
2397
810
356
739
934
612
9302
577
623
855
943
105
89
856
246
88
52
796
279
791
830
853
283
3178
81
187
5924
84
7522
7937
105
325
86
1538
976
810
747
89
152
463
800
886
8951
58
861
61
918
352
890
588
451
695
162
595
829
7495
423
212
294
915
632
804
240
687
287
695
662
442
5
345
956
362
7197
760
376
790
2
635
10
274
315
514
943
448
977
2449
261
928
386
324
106
781
107
423
739
3740
712
5
961
389
452
51
191
964
3223
217
750
647
1323
14
858
998
295
178
321
142
906
922
1217
229
803
850
387
511
627
779
637
623
610
160
698
793
844
545
350
380
374
225
557
300
351
681
262
79
3959
551
439
2568
845
399
97
7625
616
2422
188
631
251
640
965
960
536
316
26
510
5205
395
140
2700
878
286
599
440
463
317
601
860
351
633
248
496
550
849
5103
256
767
719
978
784
439
742
4444
787
769
991
287
852
777
286
755
962
111
102
485
225
588
244
274
949
444
143
9981
771
0
439
586
421
868
462
38
4172
3046
51
4
74
677
105
726
305
557
571
113
833
5
937
339
272
820
855
461
904
335
299
594
407
749
989
26
164
860
243
278
4413
225
170
254
479
315
879
976
484
558
893
37
909
8501
872
697
508
539
735
888
67
621
854
893
950
892
2667
506
441
973
595
855
390
522
377
611
9103
995
6652
359
888
482
627
762
622
840
514
637
81
898
174
179
377
114
901
966
535
588
6398
803
107
473
845
592
713
979
511
503
822
98
8955
597
830
931
376
520
918
7082
523
955
563
871
751
967
419
878
18
226
348
822
507
847
744
64
7015
561
3221
364
4
9494
922
950
666
708
649
60
997
243
461
116
500
536
521
944
799
4488
802
390
798
918
70
32
4568
589
185
804
172
180
457
790
74
193
826
1391
52
881
781
721
399
166
403
378
720
867
8554
614
299
308
528
332
923
920
8793
489
590
784
984
444
31
420
77
353
137
43
33
378
757
307
6403
942
334
573
281
8025
470
448
971
2689
3931
612
147
3822
7482
6459
8481
275
430
367
14
268
377
619
71
4267
274
320
407
931
830
502
594
444
81
344
552
794
887
9899
960
908
1309
786
434
222
807
967
957
528
960
19
66
949
518
290
682
666
77
122
424
986
268
392
532
647
884
654
711
603
191
51
651
680
530
856
5314
41
610
900
73
816
853
273
305
364
103
606
7885
6738
470
797
825
357
159
980
554
700
810
72
19
457
137
567
69
72
430
4348
836
1507
254
411
605
970
425
559
68
299
393
647
6767
764
412
657
36
680
476
130
571
2723
682
21
720
84
8389
5230
137
676
227
644
674
647
478
411
776
8946
670
133
180
569
392
322
554
196
809
726
910
432
606
47
870
799
589
34
680
862
303
72
610
258
781
979
654
742
354
8740
947
238
375
645
692
37
974
528
784
5147
803
588
764
120
601
181
9227
721
976
953
635
863
6733
65
595
894
884
614
6
541
869
331
926
957
215
376
283
26
561
763
91
453
190
3602
403
577
869
834
320
680
663
391
622
385
372
27
110
955
628
623
718
799
412
408
548
518
637
462
145
625
7741
888
366
467
617
779
655
364
284
507
73
284
875
698
92
303
489
165
181
630
864
8586
501
8845
318
672
542
2400
383
98
873
266
844
738
180
406
859
50
281
814
397
535
569
4204
59
917
263
531
625
307
44
94
401
947
575
120
121
5282
581
65
145
641
670
668
522
662
405
946
987
7319
551
963
680
7128
219
211
13
962
776
5026
603
493
560
3611
635
197
408
396
786
915
239
925
635
72
782
189
2560
687
930
507
545
260
2699
512
724
266
681
518
773
884
220
508
154
294
670
939
754
228
6673
505
966
798
210
949
711
613
108
930
207
7829
986
273
357
397
211
138
420
912
338
158
285
470
871
205
416
9
402
218
80
387
5079
171
985
238
86
578
592
345
660
882
727
788
516
4325
547
679
5391
741
8754
824
414
512
685
714
112
98
846
846
704
7810
213
651
589
644
4703
346
801
921
14
850
241
2941
199
656
559
934
510
652
608
571
235
347
326
753
873
307
375
470
289
204
577
850
425
1
567
640
372
972
455
736
518
65
67
998
4423
682
901
1608
433
550
168
167
765
643
439
542
248
826
258
131
9601
88
124
413
623
185
134
516
195
867
899
468
670
501
1776
7148
741
634
275
349
417
62
234
130
697
700
185
111
432
479
139
731
238
744
732
715
781
742
264
994
7102
936
172
931
423
608
756
560
915
60
619
143
561
185
897
749
777
622
172
80
3819
286
867
798
2133
159
219
3439
297
970
884
159
766
925
929
886
449
384
254
18
602
66
810
402
490
4981
853
177
703
508
215
601
886
723
497
256
1492
293
584
508
6149
306
540
334
945
515
613
126
483
199
789
395
272
549
216
611
39
119
405
349
611
627
499
97
436
2085
310
438
5094
732
475
241
985
178
449
259
403
577
230
1628
5975
64
6317
786
24
506
874
29
6315
142
5082
40
41
352
741
316
856
5964
2057
280
914
39
607
364
9831
375
378
350
200
756
506
626
574
782
6269
713
2837
61
927
854
704
370
822
68
7294
463
958
496
722
104
110
23
459
456
930
881
230
583
329
583
43
341
6624
708
467
2580
417
742
61
267
529
868
122
190
739
255
4983
377
237
361
979
59
265
647
947
893
745
52
969
109
105
945
179
839
35
755
295
6839
169
735
842
586
92
345
326
403
1855
801
438
1952
532
599
688
5552
608
807
4846
579
778
223
863
533
671
14
582
938
311
734
971
651
527
2593
417
660
194
653
457
817
61
53
509
892
803
354
705
260
465
473
188
1710
429
953
190
7006
363
243
823
720
505
645
125
734
373
8
865
208
496
779
589
9081
608
273
915
658
715
432
218
991
47
531
71
840
680
540
740
6089
811
357
656
968
103
770
962
842
4785
280
466
458
929
682
521
108
855
427
31
450
333
224
202
24
911
68
549
341
275
393
779
4263
882
902
139
987
871
34
858
824
325
803
600
538
244
71
465
314
473
625
26
801
27
721
209
459
705
4992
680
991
9954
917
997
814
176
799
950
491
565
371
979
366
649
373
8791
9741
8910
299
219
337
929
47
297
586
852
8858
827
886
967
501
326
220
972
839
989
530
536
951
397
965
572
170
726
916
9252
9344
258
916
29
927
153
237
22
602
647
892
220
531
328
782
122
547
157
23
483
377
542
638
852
382
372
701
257
508
446
952
224
28
482
653
495
687
734
947
966
261
977
527
367
466
147
761
694
8979
92
739
26
230
238
716
396
524
528
2196
460
161
554
408
851
8005
423
747
456
155
681
140
950
258
847
606
979
91
191
922
252
364
423
51
146
155
496
5063
799
540
8285
816
458
470
870
534
448
211
239
740
106
176
335
607
137
30
8815
614
252
624
904
451
393
76
235
395
550
997
682
585
320
232
13
9359
674
866
131
623
432
587
801
489
971
543
32
9955
450
949
142
988
8612
3718
445
684
9574
383
142
876
9021
7054
39
714
629
150
7655
1505
304
27
3901
460
950
378
737
7549
522
57
498
271
4186
130
404
539
919
2595
857
260
131
806
299
299
431
643
211
505
98
245
5449
392
362
360
613
15
631
570
728
126
785
929
868
3541
663
940
161
685
141
197
477
491
864
771
491
685
689
836
709
149
637
781
464
361
365
271
306
6895
518
92
257
849
918
642
866
366
404
128
373
611
441
2888
243
247
206
196
93
236
263
715
947
577
628
875
458
954
453
924
212
8528
572
418
104
622
469
241
314
626
987
4907
218
805
158
201
115
612
895
550
166
54
952
421
995
298
98
234
815
736
238
317
25
954
862
749
769
6065
933
994
871
93
998
211
333
941
589
410
83
256
4279
656
5939
306
726
590
595
233
484
499
50
320
678
321
224
751
362
935
168
1999
293
949
638
380
359
484
868
403
138
910
70
861
987
424
798
991
6439
355
300
649
806
640
7886
284
848
803
923
671
357
432
824
663
562
26
466
555
331
7518
643
628
234
544
845
101
672
987
515
740
517
719
472
108
7950
842
821
16
257
897
538
770
864
42
283
742
880
862
511
725
67
236
588
733
1009
328
738
56
30
942
793
983
73
709
224
914
737
150
108
888
311
52
202
683
3953
598
614
458
700
906
780
979
645
784
1794
187
110
4063
144
574
847
309
773
184
371
388
230
28
604
871
3
214
74
1989
554
257
207
725
268
520
387
973
3090
814
642
522
50
471
345
831
674
761
399
236
8446
870
801
152
802
96
656
992
985
551
490
6851
330
623
514
7288
116
890
600
5840
180
34
231
129
226
8589
880
344
357
285
894
672
657
482
281
291
940
733
376
864
679
889
191
369
671
12
947
2341
721
58
656
869
912
251
187
9637
726
171
814
210
488
699
844
210
744
964
26
581
135
587
464
607
153
3321
821
151
851
623
876
435
426
229
3359
327
529
594
60
2937
869
754
103
208
12
87
960
87
152
574
510
7660
704
654
261
892
5464
92
871
3537
610
206
84
567
850
280
739
646
4749
997
688
775
4125
64
765
314
567
961
361
950
994
950
709
788
598
98
807
658
5853
41
1000
2046
445
363
4579
292
440
157
169
882
682
57
216
244
502
561
219
837
365
8
236
407
800
388
491
895
996
852
291
185
422
2023
582
930
